[[], 
	[[2, 6], [], [], []],
	[[1, 3, 7], [], [], []],
	[[2, 4, 8], [], [], []],
	[[3, 9], [], [], []],
	[[6, 57], [6, 56], [], []],
	[[1, 5, 7], [5, 8, 55], [], []],
	[[2, 6, 8, 21, 22, 39], [], [], []],
	[[3, 7, 9, 21], [6, 9], [13, 40], []],
	[[4, 8, 10, 20], [8, 11, 38], [], []],
	[[9, 11, 24], [], [], []],
	[[10, 12, 24], [9, 13, 38], [], []],
	[[11, 13, 37], [], [], []],
	[[12, 24, 19], [11, 26, 42], [8, 30, 40], []],
	[[13, 15], [], [], []], [[14, 28], [], [], []],
	[[17, 29], [], [], []], [[16, 18, 30], [], [], []],
	[[17, 31, 32], [33, 35], [], []],
	[[13, 27], [], [], []],
	[[9, 21, 23, 38, 40, 41, 53], [], [], []],
	[[7, 8, 20, 22, 23, 38, 39, 40, 41, 53], [], [], []],
	[[6, 7, 21, 39], [], [], []],
	[[20, 21, 38, 39, 40, 41, 53], [], [], []],
	[[10, 11, 38], [], [], []],
	[[26, 37], [], [], []],
	[[25, 27, 36], [13, 28, 44], [], []],
	[[26, 19, 28], [], [], []],
	[[15, 27, 45], [26, 35, 45], [], []],
	[[16, 30, 46], [], [], []],
	[[17, 29, 35, 46], [], [13, 60, 69], []],
	[[18, 32, 35], [], [], []],
	[[18, 33, 35], [], [], []],
	[[32, 34, 48], [18, 35, 67], [], []],
	[[33, 35], [], [], []],
	[[30, 31], [28, 47, 33, 18], [], []],
	[[26, 42, 43, 44], [], [], []],
	[[12, 25, 38, 42], [], [], []],
	[[20, 21, 23, 24, 37, 40, 41, 53], [9, 11, 40], [], []],
	[[7, 21, 22, 23, 55], [], [], []],
	[[20, 21, 23, 38, 41, 53, 55], [38, 55], [8, 13, 56, 72], []],
	[[20, 21, 23, 38, 40, 42, 53], [], [], []],
	[[36, 37, 41, 43, 52], [13, 60], [], []],
	[[36, 42, 44, 60], [], [], []],
	[[36, 43, 45, 51, 61], [26, 45, 61], [], []], [[28, 44, 46, 50], [28, 44, 47, 63], [], []], [[29, 30, 45, 47, 49], [], [], []], [[35, 46, 48], [35, 45, 65], [], []], [[33, 47, 66], [], [], []], [[46, 50, 65, 63, 64], [], [], []], [[45, 49, 51, 63], [], [], []], [[44, 50, 62, 63], [], [], []], [[42, 60], [], [], []], [[20, 21, 23, 38, 40, 41, 42, 53, 54], [], [], []], [[53, 55, 59], [], [], []], [[39, 56, 58], [56, 40, 6, 72], [], []], [[55, 57, 75, 76, 77], [5, 55, 79, 92, 93], [40, 72], []], [[5, 56], [], [], []], [[55, 72, 73, 74], [], [], []], [[54, 60, 71, 72], [], [], []], [[52, 59, 61, 71, 83], [42, 61, 71, 83], [30, 69, 72], []], [[44, 60, 62], [60, 44, 84], [], []], [[51, 61, 63, 70], [], [], []], [[49, 50, 51, 62, 64, 69, 70], [45, 69, 84], [], []], [[49, 63, 65, 68, 69], [], [], []], [[49, 64, 66, 67], [47, 69, 67], [], []], [[48, 65, 104], [], [], []], [[65, 68, 103], [65, 33, 69, 105], [], []], [[64, 67, 69, 102], [], [], []], [[63, 64, 68, 85, 101], [65, 63, 100, 107], [30, 60, 105, 109], []], [[62, 63, 84, 99], [], [], []], [[59, 60, 72, 82], [60, 72, 83], [], []], [[58, 59, 71, 73, 80, 81], [71, 55, 97, 95], [40, 56, 60, 109], []], [[58, 72, 74, 79, 80], [], [], []], [[58, 73, 75], [], [], []], [[56, 74, 76, 79], [], [], []], [[56, 75, 78], [], [], []], [[56, 78], [], [], []], [[76, 77, 92, 93], [], [], []], [[73, 75, 91, 92], [56, 95, 92], [], []], [[72, 73, 89, 90], [], [], []], [[72, 82, 88, 89], [], [], []], [[71, 81, 83, 88], [], [], []], [[60, 82, 84, 87], [60, 71, 97], [], []], [[70, 83, 86], [109, 63, 61], [], []], [[69, 99, 100], [], [], []], [[84, 99, 109], [], [], []], [[83, 97], [], [], []], [[81, 82, 97], [], [], []], [[80, 81, 90, 96, 111], [], [], []], [[80, 89, 91, 95, 111], [], [], []], [[79, 90, 95], [], [], []], [[78, 79, 94], [56, 113, 93, 79], [], []], [[78, 94], [56, 92, 113], [], []], [[92, 93, 113], [], [], []], [[90, 91, 112], [72, 79, 111, 113], [], []], [[89, 97, 110], [], [], []], [[87, 88, 96, 109, 110], [111, 72, 83, 109], [], []], [[99, 108, 109], [], [], []], [[70, 85, 86, 98, 108], [], [], []], [[85, 101, 108], [69, 109], [], []], [[69, 100, 102, 107], [], [], []], [[68, 101, 103, 106], [], [], []], [[67, 102, 105], [], [], []], [[66, 105], [], [], []], [[103, 104, 106], [67, 107], [69], []], [[102, 105, 107], [], [], []], [[101, 106, 108], [69, 105], [], []], [[98, 99, 100, 107], [], [], []], [[86, 97, 98], [84, 100], [72, 69], []], [[96, 97, 111], [], [], []], [[89, 90, 110, 112], [113, 97], [], []], [[95, 111, 113], [], [], []], [[94, 112], [111, 95, 92, 93], [], []]]